csv_retinanet50_80epochs_mAP:
face: 0.925137750748659
face_mask: 0.9286108571543561

csv_retinanet50_100epochs_mAP:
face: 0.9083691997542234
face_mask: 0.9221335933014755

csv_retinanet50_120epochs_mAP:
face: 0.9201742568412182
face_mask: 0.9174822863244707

csv_retinanet50_140epochs_mAP:
face: 0.912028854237817
face_mask: 0.9136183859903529

